0.000000 -0.087100 0.043280
0.100000 -0.073900 0.043010
0.200000 -0.060100 0.042620
0.300000 -0.045900 0.042290
0.400000 -0.031200 0.042000
0.500000 -0.015500 0.041600
0.600000 0.001200 0.041080
0.700000 0.015500 0.040800
0.800000 0.027100 0.040230
0.900000 0.040300 0.039730
1.000000 0.054500 0.039170
1.100000 0.070800 0.038710
1.200000 0.092900 0.038020
1.300000 0.114300 0.037510
1.400000 0.141400 0.036900
1.500000 0.169300 0.036400
1.600000 0.187700 0.036310
1.700000 0.208500 0.036190
1.800000 0.232500 0.036040
1.900000 0.264900 0.035760
2.000000 0.297400 0.035520
2.100000 0.331800 0.035310
2.200000 0.369100 0.035120
2.300000 0.406000 0.034950
2.400000 0.488600 0.033120
2.500000 0.510900 0.032280
2.600000 0.567800 0.030090
2.700000 0.603100 0.028150
2.800000 0.618300 0.027330
2.900000 0.633200 0.027020
3.000000 0.661000 0.026210
3.100000 0.805700 0.026740
3.200000 0.815100 0.027840
3.300000 0.825700 0.028140
3.400000 0.836500 0.028410
3.500000 0.847100 0.028620
3.600000 0.857800 0.028820
3.700000 0.868300 0.029020
3.800000 0.879000 0.029230
3.900000 0.889500 0.029450
4.000000 0.900100 0.029670
4.100000 0.910500 0.029910
4.200000 0.920700 0.030150
4.300000 0.930900 0.030420
4.400000 0.940800 0.030680
4.500000 0.950600 0.030960
4.600000 0.960200 0.031250
4.700000 0.969800 0.031570
4.800000 0.979300 0.031890
4.900000 0.988800 0.032240
5.000000 0.998100 0.032590
5.100000 1.007600 0.032940
5.200000 1.017300 0.033330
5.300000 1.027000 0.033710
5.400000 1.037400 0.034140
5.500000 1.048000 0.034580
5.600000 1.058600 0.035020
5.700000 1.069600 0.035460
5.800000 1.079600 0.035900
5.900000 1.090400 0.036340
6.000000 1.100300 0.036810
6.100000 1.110900 0.037290
6.200000 1.121000 0.037780
6.300000 1.132500 0.038330
6.400000 1.144800 0.039030
6.500000 1.157500 0.039640
6.600000 1.170200 0.040340
6.700000 1.182500 0.041070
6.800000 1.194500 0.041810
6.900000 1.205800 0.042540
7.000000 1.217300 0.043360
7.100000 1.227800 0.044130
7.200000 1.238200 0.045070
7.300000 1.248000 0.045890
7.400000 1.257200 0.046810
7.500000 1.266000 0.047700
7.600000 1.274200 0.048650
7.700000 1.281700 0.049620
7.800000 1.288700 0.050650
7.900000 1.295200 0.051550
8.000000 1.301200 0.052560
8.100000 1.306500 0.053630
8.200000 1.311500 0.054590
8.300000 1.316000 0.055590
8.400000 1.320100 0.056650
8.500000 1.323500 0.057720
8.600000 1.326500 0.058820
8.700000 1.328500 0.059990
8.800000 1.331100 0.060950
8.900000 1.331800 0.062210
9.000000 1.332600 0.063370
9.100000 1.333200 0.064480
9.200000 1.332400 0.065730
9.300000 1.331300 0.066980
9.400000 1.330300 0.068090
9.500000 1.327300 0.069340
9.600000 1.324500 0.070380
9.700000 1.319100 0.071700
9.800000 1.314200 0.072870
9.900000 1.308900 0.074040
10.000000 1.302500 0.075340
10.100000 1.297400 0.076500
10.200000 1.290400 0.077890
10.300000 1.283200 0.079280
10.400000 1.275900 0.080690
10.500000 1.268100 0.082190
10.600000 1.259000 0.083850
10.700000 1.250900 0.085440
10.800000 1.242000 0.087160
10.900000 1.232000 0.089060
11.000000 1.222100 0.091020
11.100000 1.211300 0.093130
11.200000 1.200500 0.095330
11.300000 1.189500 0.097660
11.400000 1.176500 0.100420
11.500000 1.164600 0.103170
11.600000 1.151900 0.106260
11.700000 1.137400 0.109900
11.800000 1.123400 0.113790
11.900000 1.107000 0.118660
12.000000 1.091100 0.124150
12.100000 1.075300 0.130780
12.200000 1.065100 0.136430
12.300000 1.057500 0.141010
12.400000 1.051300 0.145010
12.500000 1.046300 0.148550
12.600000 1.041700 0.152020
12.700000 1.038400 0.155080
12.800000 1.035400 0.158020
12.900000 1.032600 0.160930
13.000000 1.030700 0.163560
13.100000 1.028900 0.166170
13.200000 1.027300 0.168760
13.300000 1.026300 0.171160
13.400000 1.025300 0.173580
13.500000 1.024700 0.175930
13.600000 1.024200 0.178230
13.700000 1.024100 0.180360
13.800000 1.023500 0.182760
13.900000 1.023600 0.184880
14.000000 1.023700 0.187020
14.100000 1.024000 0.189170
14.200000 1.024500 0.191230
14.300000 1.025200 0.193280
14.400000 1.026000 0.195290
14.500000 1.026900 0.197340
14.600000 1.028100 0.199310
14.700000 1.029400 0.201330
14.800000 1.030900 0.203430
14.900000 1.032300 0.205520
