0.000000 0.151700 0.032290
0.100000 0.167700 0.031660
0.200000 0.185300 0.031000
0.300000 0.204300 0.030360
0.400000 0.225100 0.029710
0.500000 0.247300 0.029030
0.600000 0.271600 0.028370
0.700000 0.299000 0.027710
0.800000 0.328400 0.027050
0.900000 0.358000 0.026460
1.000000 0.365500 0.026410
1.100000 0.385400 0.026120
1.200000 0.408900 0.025780
1.300000 0.434700 0.025450
1.400000 0.462400 0.025130
1.500000 0.489400 0.024840
1.600000 0.513500 0.024600
1.700000 0.536600 0.024370
1.800000 0.560600 0.024110
1.900000 0.583600 0.023860
2.000000 0.607100 0.023590
2.100000 0.634300 0.023230
2.200000 0.723100 0.022170
2.300000 0.738100 0.022040
2.400000 0.755700 0.021780
2.500000 0.767000 0.021130
2.600000 0.793700 0.020130
2.700000 0.809300 0.019400
2.800000 0.836200 0.018830
2.900000 0.858900 0.018610
3.000000 0.871700 0.018650
3.100000 0.889800 0.018620
3.200000 0.903100 0.018700
3.300000 0.916400 0.018820
3.400000 0.928200 0.018950
3.500000 0.938800 0.019160
3.600000 0.948100 0.019430
3.700000 0.957200 0.019670
3.800000 0.964400 0.020040
3.900000 0.968500 0.020670
4.000000 0.972100 0.021420
4.100000 0.978700 0.021940
4.200000 0.981400 0.023110
4.300000 0.989300 0.023620
4.400000 0.998000 0.023960
4.500000 1.007200 0.024210
4.600000 1.014900 0.024710
4.700000 1.022800 0.025180
4.800000 1.031800 0.025410
4.900000 1.040600 0.025650
5.000000 1.049100 0.025940
5.100000 1.057900 0.026180
5.200000 1.066600 0.026440
5.300000 1.075200 0.026680
5.400000 1.083500 0.026970
5.500000 1.092000 0.027230
5.600000 1.100300 0.027500
5.700000 1.108400 0.027780
5.800000 1.116600 0.028050
5.900000 1.124200 0.028380
6.000000 1.132000 0.028670
6.100000 1.139300 0.029010
6.200000 1.146700 0.029320
6.300000 1.153900 0.029640
6.400000 1.160600 0.030000
6.500000 1.167300 0.030350
6.600000 1.173800 0.030710
6.700000 1.180000 0.031100
6.800000 1.186100 0.031480
6.900000 1.191800 0.031890
7.000000 1.197700 0.032280
7.100000 1.203100 0.032720
7.200000 1.208400 0.033150
7.300000 1.213800 0.033590
7.400000 1.218900 0.034060
7.500000 1.224100 0.034520
7.600000 1.229200 0.035010
7.700000 1.234200 0.035510
7.800000 1.239400 0.036010
7.900000 1.244700 0.036520
8.000000 1.250000 0.037060
8.100000 1.255500 0.037610
8.200000 1.261100 0.038210
8.300000 1.267100 0.038770
8.400000 1.273300 0.039380
8.500000 1.279900 0.039970
8.600000 1.286600 0.040610
8.700000 1.293600 0.041290
8.800000 1.300900 0.041970
8.900000 1.308400 0.042650
9.000000 1.315900 0.043380
9.100000 1.323500 0.044130
9.200000 1.331400 0.044950
9.300000 1.338900 0.045760
9.400000 1.346200 0.046620
9.500000 1.353500 0.047530
9.600000 1.360300 0.048480
9.700000 1.366500 0.049400
9.800000 1.372300 0.050380
9.900000 1.377300 0.051390
10.000000 1.381600 0.052470
10.100000 1.385200 0.053480
10.200000 1.388100 0.054590
10.300000 1.390300 0.055690
10.400000 1.391600 0.056820
10.500000 1.392300 0.058010
10.600000 1.392300 0.059210
10.700000 1.391700 0.060430
10.800000 1.390500 0.061660
10.900000 1.388700 0.062910
11.000000 1.385900 0.064240
11.100000 1.382600 0.065630
11.200000 1.378800 0.067010
11.300000 1.374500 0.068430
11.400000 1.370100 0.069860
11.500000 1.364600 0.071420
11.600000 1.358400 0.073060
11.700000 1.352400 0.074670
11.800000 1.345600 0.076370
11.900000 1.338000 0.078180
12.000000 1.330500 0.080010
12.100000 1.322000 0.082020
12.200000 1.313200 0.084130
12.300000 1.304900 0.086220
12.400000 1.295400 0.088560
12.500000 1.285600 0.091020
12.600000 1.275400 0.093620
12.700000 1.264700 0.096400
12.800000 1.253400 0.099400
12.900000 1.240700 0.102750
13.000000 1.228200 0.106240
13.100000 1.214800 0.110140
13.200000 1.201000 0.114420
13.300000 1.185400 0.119480
13.400000 1.169200 0.125200
13.500000 1.151800 0.131830
13.600000 1.135800 0.138700
13.700000 1.122900 0.145070
13.800000 1.113100 0.150790
13.900000 1.106200 0.155410
14.000000 1.100700 0.159470
14.100000 1.096100 0.163160
14.200000 1.092600 0.166510
14.300000 1.089600 0.169690
14.400000 1.087000 0.172730
14.500000 1.084900 0.175650
14.600000 1.083300 0.178390
14.700000 1.082000 0.181040
14.800000 1.080900 0.183650
14.900000 1.080200 0.186130
15.000000 1.079500 0.188600
15.100000 1.079200 0.190960
15.200000 1.079100 0.193280
15.300000 1.079000 0.195530
15.400000 1.079200 0.197720
15.500000 1.079500 0.199900
15.600000 1.079800 0.202030
15.700000 1.080200 0.204150
15.800000 1.080800 0.206220
15.900000 1.081400 0.208240
16.000000 1.082000 0.210290
16.100000 1.082800 0.212210
16.200000 1.083700 0.214120
16.300000 1.084600 0.216030
16.400000 1.085700 0.217900
16.500000 1.086600 0.219960
16.600000 1.087400 0.222090
16.700000 1.088100 0.224240
16.800000 1.089100 0.226310
16.900000 1.089900 0.228470
17.000000 1.090800 0.230580
17.100000 1.091700 0.232700
17.200000 1.092700 0.234800
17.300000 1.093800 0.236890
17.400000 1.094700 0.239040
17.500000 1.095900 0.241130
17.600000 1.097000 0.243230
17.700000 1.098200 0.245320
17.800000 1.099400 0.247430
17.900000 1.100600 0.249520
18.000000 1.101900 0.251610
18.100000 1.103300 0.253640
18.200000 1.104700 0.255710
18.300000 1.106100 0.257800
18.400000 1.107600 0.259800
18.500000 1.109200 0.261850
18.600000 1.110800 0.263910
18.700000 1.112700 0.265950
18.800000 1.114900 0.268090
19.000000 1.118500 0.273110
19.100000 1.118700 0.275530
19.200000 1.119400 0.277800
19.300000 1.120500 0.279910
19.400000 1.121800 0.281950
19.500000 1.123100 0.283960
19.600000 1.124600 0.285880
19.700000 1.126100 0.287810
19.800000 1.127700 0.289730
19.900000 1.129300 0.291600
20.000000 1.130900 0.293480
20.100000 1.132500 0.295360
20.200000 1.134100 0.297220
20.300000 1.135800 0.299080
20.400000 1.137500 0.300930
20.500000 1.139200 0.302800
20.600000 1.140900 0.304680
20.700000 1.142700 0.306560
20.800000 1.144500 0.308450
20.900000 1.146300 0.310360
21.000000 1.148100 0.312330
21.100000 1.149900 0.314330
21.200000 1.151900 0.316360
21.300000 1.153900 0.318510
21.400000 1.155900 0.320730
21.500000 1.158300 0.323140
21.600000 1.160600 0.325750
21.700000 1.163200 0.328700
21.800000 1.165900 0.332300
21.900000 1.165900 0.337330
