0.000000 0.206600 0.030400
0.100000 0.226600 0.030070
0.200000 0.248200 0.029760
0.300000 0.270500 0.029500
0.400000 0.282500 0.029290
0.500000 0.293000 0.029110
0.600000 0.308200 0.028920
0.700000 0.325700 0.028740
0.800000 0.339900 0.028700
0.900000 0.356600 0.028610
1.000000 0.370900 0.028620
1.100000 0.399300 0.028340
1.200000 0.423700 0.028170
1.300000 0.446900 0.028020
1.400000 0.469700 0.027890
1.500000 0.496200 0.027710
1.600000 0.515100 0.027650
1.700000 0.538200 0.027530
1.800000 0.558300 0.027440
1.900000 0.695400 0.022470
2.000000 0.709300 0.022220
2.100000 0.713200 0.022330
2.200000 0.724200 0.022330
2.300000 0.741200 0.021930
2.400000 0.760400 0.021580
2.500000 0.767500 0.021760
2.600000 0.776100 0.021590
2.700000 0.851500 0.019640
2.800000 0.858700 0.020160
2.900000 0.864600 0.020670
3.000000 0.870600 0.021200
3.100000 0.879200 0.021510
3.200000 0.887100 0.021920
3.300000 0.893100 0.024290
3.400000 0.903000 0.024500
3.500000 0.913000 0.024700
3.600000 0.922900 0.024900
3.700000 0.932800 0.025090
3.800000 0.942500 0.025310
3.900000 0.952200 0.025520
4.000000 0.961800 0.025750
4.100000 0.971200 0.026000
4.200000 0.980500 0.026240
4.300000 0.989700 0.026480
4.400000 0.998800 0.026730
4.500000 1.007600 0.026980
4.600000 1.016300 0.027290
4.700000 1.024900 0.027550
4.800000 1.033100 0.027860
4.900000 1.041100 0.028180
5.000000 1.049100 0.028490
5.100000 1.056800 0.028800
5.200000 1.064100 0.029160
5.300000 1.071400 0.029520
5.400000 1.078300 0.029900
5.500000 1.085200 0.030280
5.600000 1.092100 0.030670
5.700000 1.098700 0.031090
5.800000 1.105600 0.031470
5.900000 1.112300 0.031920
6.000000 1.119200 0.032350
6.100000 1.126300 0.032850
6.200000 1.133700 0.033270
6.300000 1.141400 0.033770
6.400000 1.149600 0.034300
6.500000 1.158300 0.034850
6.600000 1.168100 0.035440
6.700000 1.177900 0.035990
6.800000 1.188800 0.036620
6.900000 1.199800 0.037230
7.000000 1.211800 0.037930
7.100000 1.223600 0.038640
7.200000 1.235200 0.039350
7.300000 1.247100 0.040160
7.400000 1.257800 0.040860
7.500000 1.268800 0.041730
7.600000 1.278900 0.042490
7.700000 1.287600 0.043210
7.800000 1.295800 0.043950
7.900000 1.301500 0.044530
8.000000 1.308200 0.045190
8.100000 1.315700 0.045980
8.200000 1.320700 0.046680
8.300000 1.328000 0.047560
8.400000 1.333700 0.048510
8.500000 1.338900 0.049670
8.600000 1.344900 0.050630
8.700000 1.350300 0.051780
8.800000 1.355300 0.052790
8.900000 1.359500 0.053940
9.000000 1.364000 0.054850
9.100000 1.365700 0.056410
9.200000 1.369600 0.057240
9.300000 1.369400 0.058980
9.400000 1.372000 0.059930
9.500000 1.372000 0.061340
9.600000 1.372700 0.062490
9.700000 1.372200 0.063680
9.800000 1.370200 0.064980
9.900000 1.368600 0.066030
10.000000 1.364100 0.067480
10.100000 1.359900 0.068760
10.200000 1.356500 0.069860
10.300000 1.350700 0.071320
10.400000 1.347800 0.072300
10.500000 1.341800 0.073680
10.600000 1.337800 0.074760
10.700000 1.331300 0.076170
10.800000 1.326800 0.077310
10.900000 1.319000 0.078910
11.000000 1.314000 0.080130
11.100000 1.308800 0.081370
11.200000 1.300600 0.083020
11.300000 1.294100 0.084460
11.400000 1.283900 0.086450
11.500000 1.274500 0.088370
11.600000 1.266900 0.090090
11.700000 1.258400 0.091960
11.800000 1.253200 0.093400
11.900000 1.243400 0.095570
12.000000 1.236900 0.097310
12.100000 1.227200 0.099590
12.200000 1.219100 0.101670
12.300000 1.208700 0.104230
12.400000 1.201100 0.106440
12.500000 1.189700 0.109480
12.600000 1.179300 0.112530
12.700000 1.169300 0.115740
12.800000 1.158000 0.119490
12.900000 1.146000 0.123710
13.000000 1.134400 0.128350
13.100000 1.122700 0.133620
13.200000 1.111900 0.139130
13.300000 1.101700 0.145160
13.400000 1.094000 0.150800
13.500000 1.087900 0.155710
13.600000 1.083300 0.159740
13.700000 1.078100 0.163950
13.800000 1.073700 0.167840
13.900000 1.070300 0.171380
14.000000 1.067800 0.174480
14.100000 1.065600 0.177500
14.200000 1.064100 0.180250
14.300000 1.062500 0.183130
14.400000 1.061600 0.185740
14.500000 1.061000 0.188200
14.600000 1.060400 0.190680
14.700000 1.060300 0.192980
14.800000 1.060200 0.195270
14.900000 1.060100 0.197620
15.000000 1.060600 0.199690
15.100000 1.061100 0.201840
15.200000 1.061700 0.203940
15.300000 1.062400 0.206060
15.400000 1.062800 0.208300
15.500000 1.063800 0.210340
15.600000 1.064800 0.212360
15.700000 1.065800 0.214380
15.800000 1.067100 0.216360
15.900000 1.068500 0.218380
16.000000 1.070200 0.220170
16.100000 1.072100 0.222100
16.200000 1.074100 0.224050
16.300000 1.070700 0.229160
16.400000 1.071200 0.231300
16.500000 1.072100 0.233380
16.600000 1.073300 0.235240
16.700000 1.074500 0.237170
16.800000 1.075800 0.239070
16.900000 1.077100 0.240910
17.000000 1.078700 0.242630
17.100000 1.080100 0.244430
17.200000 1.081700 0.246180
17.300000 1.083200 0.248020
17.400000 1.084800 0.249700
17.500000 1.086500 0.251450
17.600000 1.088200 0.253140
17.700000 1.089900 0.254890
17.800000 1.091700 0.256510
17.900000 1.093400 0.258280
18.000000 1.095200 0.260000
18.100000 1.097000 0.261710
18.200000 1.099000 0.263420
18.300000 1.100800 0.265150
18.400000 1.102700 0.266840
18.500000 1.104800 0.268560
18.600000 1.106900 0.270270
18.700000 1.109200 0.272050
18.800000 1.111200 0.273830
18.900000 1.113600 0.275670
19.000000 1.116000 0.277460
19.100000 1.118400 0.279360
19.200000 1.121600 0.281450
19.300000 1.129800 0.285070
19.400000 1.125800 0.295990
19.500000 1.127000 0.297890
19.600000 1.128000 0.299710
19.700000 1.128800 0.301300
19.800000 1.130200 0.303280
19.900000 1.131100 0.304990
20.000000 1.132100 0.306720
20.100000 1.133200 0.308620
20.200000 1.134400 0.310510
20.300000 1.135300 0.312410
20.400000 1.136500 0.314370
20.500000 1.137500 0.316200
20.600000 1.138600 0.318110
20.700000 1.139400 0.319840
20.800000 1.140400 0.321720
20.900000 1.141000 0.323380
21.000000 1.141500 0.325060
21.100000 1.141900 0.326630
21.200000 1.141800 0.328010
21.300000 1.141100 0.329090
21.400000 1.141100 0.330520
21.500000 1.140800 0.331670
21.600000 1.141200 0.333210
21.700000 1.140400 0.333920
21.800000 1.140300 0.334800
21.900000 1.140600 0.336090
22.000000 1.141100 0.337400
22.100000 1.141800 0.339150
22.200000 1.142400 0.341020
22.300000 1.143000 0.342870
22.400000 1.143500 0.344820
22.500000 1.144000 0.346760
22.600000 1.144400 0.348720
22.700000 1.144800 0.350620
22.800000 1.145100 0.352550
22.900000 1.145300 0.354520
23.000000 1.145500 0.356420
23.100000 1.145700 0.358350
23.200000 1.145700 0.360250
23.300000 1.145600 0.362200
23.400000 1.145500 0.364100
23.500000 1.145200 0.365960
23.600000 1.144800 0.367830
23.700000 1.144400 0.369700
23.800000 1.143700 0.371570
23.900000 1.142900 0.373420
24.000000 1.142000 0.375230
24.100000 1.140900 0.376970
24.200000 1.139500 0.378780
24.300000 1.137700 0.380520
24.400000 1.135800 0.382180
24.500000 1.133300 0.383810
24.600000 1.130400 0.385340
24.700000 1.126500 0.386760
24.800000 1.121400 0.387940
24.900000 0.999400 0.362460
25.000000 0.993000 0.361770
25.100000 0.986900 0.361090
25.200000 0.981900 0.360690
25.300000 0.976900 0.360250
25.400000 0.972500 0.359930
25.500000 0.968400 0.359640
25.600000 0.964700 0.359440
25.700000 0.960900 0.359160
25.800000 0.957700 0.359030
25.900000 0.954300 0.358880
26.000000 0.951200 0.358730
26.100000 0.948300 0.358620
26.200000 0.945600 0.358530
26.300000 0.943000 0.358460
26.400000 0.940900 0.358320
26.500000 0.938500 0.358390
26.600000 0.936800 0.358580
26.700000 0.939700 0.361890
26.800000 0.940600 0.371060
26.900000 0.937900 0.370960
27.000000 0.934800 0.370540
27.100000 0.931900 0.370250
27.200000 0.929000 0.370010
27.300000 0.927300 0.370280
27.400000 0.924800 0.370220
27.500000 0.922500 0.370270
27.600000 0.920300 0.370260
27.700000 0.918500 0.370430
27.800000 0.916200 0.370420
27.900000 0.914200 0.370470
28.000000 0.912300 0.370550
28.100000 0.910400 0.370640
28.200000 0.908500 0.370670
28.300000 0.906900 0.370840
28.400000 0.904900 0.370840
28.500000 0.902900 0.370820
28.600000 0.901100 0.370840
28.700000 0.898900 0.370690
28.800000 0.897300 0.370800
28.900000 0.895500 0.370770
29.000000 0.893600 0.370720
29.100000 0.891700 0.370650
29.200000 0.890300 0.370790
29.300000 0.888800 0.370880
29.400000 0.887000 0.370790
29.500000 0.885300 0.370770
29.600000 0.884000 0.370950
29.700000 0.882600 0.371040
29.800000 0.881100 0.371040
29.900000 0.879600 0.371060
30.000000 0.878300 0.371220
