0.000000 0.401800 0.024830
0.100000 0.423500 0.024590
0.200000 0.443800 0.024400
0.300000 0.463400 0.024250
0.400000 0.483200 0.024100
0.500000 0.503500 0.023950
0.600000 0.525100 0.023720
0.700000 0.540500 0.023680
0.800000 0.543700 0.023940
0.900000 0.556500 0.023940
1.000000 0.571200 0.023910
1.100000 0.589200 0.023800
1.400000 0.682200 0.022380
1.500000 0.695100 0.022410
1.600000 0.709000 0.022390
1.700000 0.723800 0.022340
1.800000 0.739400 0.022260
1.900000 0.755600 0.022170
2.000000 0.772300 0.022070
2.100000 0.786100 0.022080
2.200000 0.788300 0.022460
2.300000 0.795900 0.022660
2.400000 0.806000 0.022780
2.500000 0.817600 0.022830
2.600000 0.830500 0.022840
2.700000 0.844600 0.022800
2.800000 0.859500 0.022740
2.900000 0.874900 0.022660
3.000000 0.890700 0.022580
3.100000 0.904200 0.022600
3.200000 0.906600 0.023000
3.300000 0.913500 0.023240
3.400000 0.922900 0.023380
3.500000 0.934200 0.023440
3.600000 0.947300 0.023400
3.700000 0.962200 0.023270
3.800000 0.979300 0.023020
3.900000 0.995300 0.022810
4.000000 0.997300 0.023160
4.100000 1.005300 0.023210
4.200000 1.018100 0.023050
4.300000 1.034000 0.022760
4.400000 1.050200 0.022500
4.500000 1.053300 0.022780
4.600000 1.061200 0.022880
4.700000 1.072200 0.022860
4.800000 1.086000 0.022700
4.900000 1.097600 0.022610
5.000000 1.101600 0.022770
5.100000 1.112700 0.022570
5.200000 1.119700 0.022570
5.300000 1.126600 0.022530
5.400000 1.132600 0.022590
5.500000 1.140000 0.022580
5.600000 1.145000 0.022770
5.700000 1.153000 0.022860
5.800000 1.159900 0.023040
5.900000 1.167200 0.023210
6.000000 1.173800 0.023430
6.100000 1.179900 0.023720
6.200000 1.185400 0.024060
6.300000 1.189400 0.024520
6.400000 1.192000 0.025090
6.500000 1.193300 0.025790
6.600000 1.192800 0.026670
6.800000 1.191700 0.028560
6.900000 1.194800 0.029230
7.000000 1.197800 0.029890
7.100000 1.201700 0.030460
7.200000 1.205800 0.031020
7.300000 1.207900 0.031730
7.400000 1.212200 0.032270
7.500000 1.215500 0.032900
7.600000 1.217400 0.033650
7.700000 1.220300 0.034300
7.800000 1.224200 0.034890
7.900000 1.227900 0.035470
8.000000 1.231400 0.036080
8.100000 1.234600 0.036720
8.200000 1.237000 0.037430
8.300000 1.238300 0.038250
8.400000 1.241700 0.038900
8.500000 1.246600 0.039410
8.600000 1.251100 0.039950
8.700000 1.255300 0.040540
8.800000 1.259300 0.041180
8.900000 1.263400 0.041820
9.000000 1.267600 0.042470
9.100000 1.271900 0.043130
9.200000 1.276400 0.043790
9.300000 1.281100 0.044470
9.400000 1.285900 0.045150
9.500000 1.290800 0.045830
9.600000 1.295800 0.046540
9.700000 1.301000 0.047250
9.800000 1.306000 0.047990
9.900000 1.311500 0.048730
10.000000 1.316600 0.049520
10.100000 1.322000 0.050310
10.200000 1.327400 0.051140
10.300000 1.332700 0.051980
10.400000 1.338200 0.052860
10.500000 1.343400 0.053790
10.600000 1.348300 0.054770
10.700000 1.353300 0.055770
10.800000 1.357900 0.056820
10.900000 1.361800 0.057930
11.000000 1.365600 0.059060
11.100000 1.368800 0.060250
11.200000 1.371400 0.061480
11.300000 1.373200 0.062750
11.400000 1.374400 0.064050
11.500000 1.374900 0.065400
11.600000 1.374900 0.066750
11.700000 1.374200 0.068170
11.800000 1.372900 0.069610
11.900000 1.371000 0.071110
12.000000 1.368500 0.072630
12.100000 1.365400 0.074200
12.200000 1.362000 0.075790
12.300000 1.358000 0.077440
12.400000 1.353700 0.079120
12.500000 1.348800 0.080880
12.600000 1.343600 0.082690
12.700000 1.338000 0.084540
12.800000 1.332100 0.086480
12.900000 1.325800 0.088490
13.000000 1.319200 0.090570
13.100000 1.312100 0.092730
13.200000 1.304700 0.094990
13.300000 1.296900 0.097350
13.400000 1.288800 0.099790
13.500000 1.280200 0.102350
13.600000 1.271200 0.105040
13.700000 1.261700 0.107930
13.800000 1.251900 0.110980
13.900000 1.241500 0.114290
14.000000 1.230900 0.117780
14.100000 1.219100 0.121740
14.200000 1.206100 0.126230
14.300000 1.191500 0.131470
14.400000 1.174800 0.137780
14.500000 1.155600 0.145580
14.600000 1.138000 0.153770
14.700000 1.124600 0.161150
14.800000 1.116100 0.166980
14.900000 1.110300 0.171590
15.000000 1.105000 0.175990
15.100000 1.100800 0.179970
15.200000 1.097600 0.183560
15.300000 1.095100 0.186890
15.400000 1.093200 0.189980
15.500000 1.091800 0.192870
15.600000 1.090900 0.195640
15.700000 1.090200 0.198290
15.800000 1.089800 0.200860
15.900000 1.089600 0.203360
16.000000 1.089700 0.205810
16.100000 1.089900 0.208210
16.200000 1.090200 0.210560
16.300000 1.090700 0.212880
16.400000 1.091200 0.215190
16.500000 1.091800 0.217470
16.600000 1.092500 0.219730
16.700000 1.093400 0.221950
16.800000 1.094300 0.224140
16.900000 1.095300 0.226320
17.000000 1.096300 0.228470
17.100000 1.097500 0.230610
17.200000 1.098700 0.232720
17.300000 1.099900 0.234820
17.400000 1.101300 0.236890
17.500000 1.102700 0.238960
17.600000 1.104100 0.241010
17.700000 1.105700 0.243050
17.800000 1.107300 0.245080
17.900000 1.109100 0.247100
18.000000 1.110900 0.249120
18.100000 1.112800 0.251150
18.200000 1.114800 0.253210
18.300000 1.117100 0.255330
18.400000 1.119100 0.257740
18.700000 1.128600 0.278370
18.800000 1.130300 0.280650
18.900000 1.131900 0.282910
19.000000 1.133600 0.285170
19.100000 1.135200 0.287340
19.200000 1.136700 0.289430
19.300000 1.138100 0.291400
19.400000 1.139500 0.293250
19.500000 1.140800 0.295000
19.600000 1.142100 0.296550
19.700000 1.142500 0.297820
19.800000 1.142700 0.298860
19.900000 1.141800 0.299250
20.000000 1.138100 0.298020
20.100000 1.135500 0.296930
20.200000 1.137000 0.298290
20.300000 1.138900 0.299790
20.400000 1.140900 0.301450
20.500000 1.142800 0.303140
20.600000 1.144400 0.305050
20.700000 1.146000 0.307000
20.800000 1.147600 0.308960
20.900000 1.149200 0.310890
21.000000 1.150800 0.312830
21.100000 1.152400 0.314760
21.200000 1.154100 0.316680
21.300000 1.155700 0.318610
21.400000 1.157300 0.320550
21.500000 1.159000 0.322500
21.600000 1.160600 0.324460
21.700000 1.162300 0.326440
21.800000 1.164000 0.328440
21.900000 1.165700 0.330480
22.000000 1.167400 0.332560
22.100000 1.169200 0.334690
22.200000 1.171000 0.336890
22.300000 1.172800 0.339190
22.400000 1.174800 0.341680
22.500000 1.176900 0.344310
22.600000 1.179100 0.347230
22.700000 1.181700 0.350700
22.800000 1.184700 0.355180
22.900000 1.184600 0.361440
23.000000 1.182700 0.367310
23.100000 1.183500 0.369530
23.200000 1.184200 0.371750
23.300000 1.184900 0.373970
23.400000 1.185500 0.376170
23.500000 1.186100 0.378360
23.600000 1.186600 0.380540
23.700000 1.187000 0.382710
23.800000 1.187500 0.384870
23.900000 1.187800 0.387010
24.000000 1.188100 0.389140
24.100000 1.188300 0.391250
24.200000 1.188400 0.393340
24.300000 1.188400 0.395420
24.400000 1.188400 0.397470
24.500000 1.188300 0.399500
24.600000 1.188000 0.401500
24.700000 1.187600 0.403490
24.800000 1.187200 0.405430
24.900000 1.186300 0.407300
25.000000 1.185100 0.409090
25.100000 1.183600 0.410790
25.200000 1.181700 0.412420
25.300000 1.179500 0.413990
25.400000 1.176900 0.415500
25.500000 1.174000 0.416950
25.600000 1.170300 0.418290
25.700000 1.165900 0.419530
25.800000 1.160000 0.420540
25.900000 1.151400 0.421130
26.100000 0.970600 0.374800
26.200000 0.964200 0.373450
26.300000 0.958300 0.372200
26.400000 0.952800 0.371020
26.500000 0.947600 0.369900
26.600000 0.942700 0.368850
26.700000 0.938100 0.367880
26.800000 0.933800 0.366940
26.900000 0.929600 0.366070
27.000000 0.925800 0.365280
27.100000 0.922300 0.364600
27.200000 0.919000 0.363960
27.300000 0.916000 0.363410
27.400000 0.913600 0.363100
27.500000 0.911900 0.363090
27.600000 0.910500 0.363350
27.700000 0.909300 0.363740
27.800000 0.907900 0.364060
27.900000 0.906400 0.364290
28.000000 0.904700 0.364380
28.100000 0.903000 0.364490
28.200000 0.901400 0.364540
28.300000 0.899700 0.364600
28.400000 0.898100 0.364640
28.500000 0.896400 0.364670
28.600000 0.894800 0.364740
28.700000 0.893200 0.364760
28.800000 0.891700 0.364820
28.900000 0.890200 0.364900
29.000000 0.888800 0.364960
29.100000 0.887300 0.364990
29.200000 0.885900 0.365070
29.300000 0.884500 0.365080
29.400000 0.883200 0.365150
29.500000 0.881900 0.365190
29.600000 0.880600 0.365230
29.700000 0.879300 0.365230
29.800000 0.878100 0.365310
29.900000 0.876800 0.365280
30.000000 0.875600 0.365370
