0.000000 0.256900 0.026390
0.100000 0.271400 0.025960
0.200000 0.288000 0.025520
0.300000 0.306500 0.025050
0.400000 0.325900 0.024600
0.500000 0.347600 0.024140
0.600000 0.370800 0.023690
0.700000 0.397100 0.023240
0.800000 0.427000 0.022800
0.900000 0.455500 0.022410
1.000000 0.482300 0.022080
1.100000 0.508400 0.021780
1.200000 0.534300 0.021500
1.300000 0.563000 0.021150
1.400000 0.572700 0.021210
1.500000 0.588400 0.021150
1.600000 0.609500 0.020960
1.700000 0.649400 0.020330
1.800000 0.724400 0.019160
1.900000 0.737400 0.019160
2.000000 0.751900 0.019130
2.100000 0.767600 0.019070
2.200000 0.784600 0.018980
2.300000 0.803000 0.018870
2.400000 0.812700 0.018980
2.500000 0.821200 0.019110
2.600000 0.832400 0.019170
2.700000 0.845500 0.019180
2.800000 0.860000 0.019150
2.900000 0.876200 0.019080
3.000000 0.893900 0.018990
3.100000 0.901100 0.019160
3.200000 0.909700 0.019270
3.300000 0.921100 0.019270
3.400000 0.939600 0.018910
3.500000 0.944400 0.019010
3.600000 0.957100 0.018810
3.700000 0.964000 0.018850
3.800000 0.971900 0.018890
3.900000 0.979600 0.018970
4.000000 0.986900 0.019120
4.100000 0.993600 0.019300
4.200000 1.001400 0.019490
4.300000 1.009700 0.019660
4.400000 1.018100 0.019850
4.500000 1.027000 0.020000
4.600000 1.035200 0.020200
4.700000 1.043400 0.020400
4.800000 1.051100 0.020640
4.900000 1.058700 0.020890
5.000000 1.065600 0.021180
5.100000 1.072700 0.021500
5.200000 1.079400 0.021840
5.300000 1.083700 0.022390
5.400000 1.088500 0.022950
5.500000 1.090500 0.023820
5.600000 1.095200 0.024460
5.700000 1.100300 0.025070
5.800000 1.107300 0.025470
5.900000 1.115000 0.025800
6.000000 1.122200 0.026160
6.100000 1.129500 0.026520
6.200000 1.136600 0.026900
6.300000 1.144800 0.027160
6.400000 1.152700 0.027440
6.500000 1.160300 0.027760
6.600000 1.168000 0.028050
6.700000 1.175100 0.028410
6.800000 1.182200 0.028780
6.900000 1.189600 0.029100
7.000000 1.196500 0.029470
7.100000 1.202600 0.029920
7.200000 1.208900 0.030350
7.300000 1.215100 0.030790
7.400000 1.221300 0.031210
7.500000 1.227800 0.031600
7.600000 1.234000 0.032010
7.700000 1.240000 0.032440
7.800000 1.245900 0.032870
7.900000 1.251500 0.033310
8.000000 1.256600 0.033780
8.100000 1.261600 0.034220
8.200000 1.266100 0.034700
8.300000 1.270700 0.035170
8.400000 1.274800 0.035680
8.500000 1.278800 0.036210
8.600000 1.283000 0.036700
8.700000 1.286900 0.037230
8.800000 1.290600 0.037790
8.900000 1.294300 0.038350
9.000000 1.297700 0.038950
9.100000 1.301200 0.039550
9.200000 1.304900 0.040150
9.300000 1.308300 0.040790
9.400000 1.311800 0.041450
9.500000 1.315500 0.042100
9.600000 1.319100 0.042770
9.700000 1.322800 0.043470
9.800000 1.326500 0.044200
9.900000 1.330500 0.044890
10.000000 1.334400 0.045650
10.100000 1.338400 0.046430
10.200000 1.342500 0.047210
10.300000 1.346600 0.048030
10.400000 1.350700 0.048870
10.500000 1.354600 0.049740
10.600000 1.358400 0.050620
10.700000 1.362200 0.051520
10.800000 1.365700 0.052480
10.900000 1.368900 0.053470
11.000000 1.371600 0.054530
11.100000 1.374100 0.055570
11.200000 1.376100 0.056660
11.300000 1.377700 0.057800
11.400000 1.378900 0.058970
11.500000 1.379400 0.060200
11.600000 1.379400 0.061450
11.700000 1.378800 0.062790
11.800000 1.377700 0.064130
11.900000 1.375800 0.065570
12.000000 1.373600 0.067030
12.100000 1.370600 0.068550
12.200000 1.366800 0.070150
12.300000 1.362900 0.071750
12.400000 1.358200 0.073480
12.500000 1.353000 0.075280
12.600000 1.347500 0.077150
12.700000 1.341400 0.079130
12.800000 1.334800 0.081210
12.900000 1.327800 0.083370
13.000000 1.320400 0.085630
13.100000 1.312400 0.088040
13.200000 1.304300 0.090500
13.300000 1.295000 0.093230
13.400000 1.285300 0.096060
13.500000 1.275200 0.099030
13.600000 1.264600 0.102190
13.700000 1.253600 0.105580
13.800000 1.242100 0.109210
13.900000 1.229500 0.113250
14.000000 1.216900 0.117480
14.100000 1.202500 0.122420
14.200000 1.187600 0.127780
14.300000 1.172400 0.133590
14.400000 1.156500 0.140010
14.500000 1.142100 0.146380
14.600000 1.130000 0.152330
14.700000 1.120500 0.157610
14.800000 1.113200 0.162230
14.900000 1.107700 0.166280
15.000000 1.103300 0.169960
15.100000 1.099700 0.173360
15.200000 1.096800 0.176540
15.300000 1.094500 0.179500
15.400000 1.092600 0.182320
15.500000 1.091100 0.185010
15.600000 1.090200 0.187470
15.700000 1.089300 0.189960
15.800000 1.088700 0.192370
15.900000 1.088300 0.194720
16.000000 1.088200 0.197010
16.100000 1.088100 0.199270
16.200000 1.088200 0.201560
16.300000 1.088400 0.203760
16.400000 1.088700 0.205970
16.500000 1.089100 0.208160
16.600000 1.089600 0.210340
16.700000 1.090200 0.212520
16.800000 1.090800 0.214720
16.900000 1.091500 0.216920
17.000000 1.092300 0.219140
