0.000000 0.323900 0.025460
0.100000 0.341500 0.024940
0.200000 0.359300 0.024450
0.300000 0.378400 0.023980
0.400000 0.399600 0.023490
0.500000 0.421200 0.023040
0.600000 0.429600 0.022950
0.700000 0.442700 0.022770
0.800000 0.459100 0.022530
0.900000 0.479000 0.022260
1.000000 0.507300 0.021730
1.100000 0.529500 0.021410
1.200000 0.549900 0.021180
1.300000 0.571800 0.020920
1.400000 0.597900 0.020560
1.500000 0.628300 0.020120
1.700000 0.730600 0.018640
1.800000 0.751300 0.018490
1.900000 0.757000 0.018660
2.000000 0.767600 0.018720
2.100000 0.781500 0.018700
2.200000 0.797800 0.018620
2.300000 0.817600 0.018400
2.400000 0.833500 0.018320
2.500000 0.842000 0.018390
2.600000 0.857400 0.018250
2.700000 0.877200 0.018050
2.800000 0.888000 0.018080
2.900000 0.900400 0.018080
3.000000 0.916600 0.018010
3.100000 0.931600 0.017980
3.200000 0.941700 0.018080
3.300000 0.954000 0.018140
3.400000 0.968300 0.018150
3.500000 0.982600 0.018190
3.600000 0.991300 0.018310
3.700000 1.002600 0.018400
3.800000 1.016500 0.018460
3.900000 1.024300 0.018600
4.000000 1.033900 0.018720
4.100000 1.042800 0.018860
4.200000 1.050300 0.019050
4.300000 1.057100 0.019230
4.400000 1.063200 0.019480
4.500000 1.069200 0.019760
4.600000 1.075700 0.020060
4.700000 1.081700 0.020410
4.800000 1.089200 0.020690
4.900000 1.096800 0.020990
5.000000 1.104200 0.021300
5.100000 1.111600 0.021620
5.200000 1.119100 0.021940
5.300000 1.126400 0.022290
5.400000 1.132800 0.022700
5.500000 1.139700 0.023100
5.600000 1.147000 0.023460
5.700000 1.154200 0.023830
5.800000 1.161000 0.024240
5.900000 1.168800 0.024560
6.000000 1.176600 0.024880
6.100000 1.183800 0.025250
6.200000 1.191400 0.025580
6.300000 1.198300 0.025990
6.400000 1.204500 0.026450
6.500000 1.210900 0.026900
6.600000 1.218400 0.027230
6.700000 1.225800 0.027560
6.800000 1.232800 0.027940
6.900000 1.239700 0.028320
7.000000 1.246400 0.028710
7.100000 1.253700 0.029040
7.200000 1.261700 0.029310
7.300000 1.269400 0.029600
7.400000 1.276400 0.029970
7.500000 1.282000 0.030460
7.600000 1.287400 0.030970
7.700000 1.293700 0.031390
7.800000 1.299100 0.031890
7.900000 1.303000 0.032520
8.000000 1.308600 0.032960
8.100000 1.313000 0.033500
8.200000 1.317200 0.034030
8.300000 1.321900 0.034490
8.400000 1.325800 0.035020
8.500000 1.329700 0.035550
8.600000 1.334200 0.036000
8.700000 1.337300 0.036590
8.800000 1.340200 0.037200
8.900000 1.343900 0.037740
9.000000 1.346700 0.038340
9.100000 1.349700 0.038930
9.200000 1.352400 0.039550
9.300000 1.355200 0.040180
9.400000 1.356700 0.040950
9.500000 1.358800 0.041650
9.600000 1.361200 0.042350
9.700000 1.363000 0.043130
9.800000 1.365800 0.043780
9.900000 1.366700 0.044680
10.000000 1.369400 0.045400
10.100000 1.370700 0.046290
10.200000 1.373000 0.047090
10.300000 1.375100 0.047930
10.400000 1.376500 0.048930
10.500000 1.379500 0.049690
10.600000 1.381600 0.050630
10.700000 1.383100 0.051720
10.800000 1.385000 0.052800
10.900000 1.387100 0.053810
11.000000 1.388900 0.054860
11.100000 1.390400 0.055960
11.200000 1.391700 0.057150
11.300000 1.392300 0.058370
11.400000 1.392800 0.059540
11.500000 1.393100 0.060730
11.600000 1.392200 0.062110
11.700000 1.389800 0.063750
11.800000 1.389800 0.064820
11.900000 1.388800 0.066060
12.000000 1.386000 0.067620
12.100000 1.383200 0.069150
12.200000 1.380500 0.070640
12.300000 1.377600 0.072120
12.400000 1.372300 0.074030
12.500000 1.367300 0.075850
12.600000 1.363300 0.077560
12.700000 1.357100 0.079580
12.800000 1.351500 0.081540
12.900000 1.347800 0.083190
13.000000 1.339100 0.085690
13.100000 1.335100 0.087430
13.200000 1.327900 0.089710
13.300000 1.320400 0.092080
13.400000 1.314700 0.094220
13.500000 1.306100 0.096940
13.600000 1.299200 0.099430
13.700000 1.291600 0.102120
13.800000 1.284300 0.104850
13.900000 1.275900 0.107870
14.000000 1.268900 0.110720
14.100000 1.256000 0.114900
14.200000 1.250200 0.117730
14.300000 1.240200 0.121620
14.400000 1.229500 0.125830
14.500000 1.219300 0.130150
14.600000 1.208900 0.134710
14.700000 1.197000 0.139960
14.800000 1.181200 0.146640
14.900000 1.163600 0.154410
15.000000 1.143400 0.163800
15.100000 1.128900 0.171600
15.200000 1.119700 0.177440
15.300000 1.114800 0.181450
15.400000 1.111000 0.185090
15.500000 1.107900 0.188610
15.600000 1.105900 0.191590
15.700000 1.103800 0.194760
15.800000 1.102000 0.197840
15.900000 1.100600 0.200780
16.000000 1.099500 0.203660
16.100000 1.098800 0.206340
16.200000 1.098400 0.208960
16.300000 1.098200 0.211520
16.400000 1.098100 0.214080
16.500000 1.098200 0.216520
16.600000 1.098400 0.218980
16.700000 1.098800 0.221300
16.800000 1.099200 0.223670
16.900000 1.099600 0.226050
17.000000 1.100100 0.228410
17.100000 1.100700 0.230700
17.200000 1.101500 0.232910
17.300000 1.102100 0.235180
17.400000 1.103000 0.237370
17.500000 1.103800 0.239600
17.600000 1.104700 0.241750
17.700000 1.105700 0.243880
17.800000 1.106800 0.246040
17.900000 1.107900 0.248160
18.000000 1.109100 0.250250
18.100000 1.110300 0.252370
18.200000 1.111600 0.254340
18.300000 1.113000 0.256410
18.400000 1.114400 0.258510
18.500000 1.116000 0.260480
18.600000 1.117600 0.262480
18.700000 1.119500 0.264530
18.800000 1.121600 0.266540
18.900000 1.123900 0.268640
19.000000 1.131000 0.270110
19.300000 1.128200 0.291250
19.400000 1.129400 0.293270
19.500000 1.130400 0.294930
19.600000 1.131400 0.296740
19.700000 1.132500 0.298540
19.800000 1.133500 0.300450
19.900000 1.134000 0.302020
20.000000 1.134100 0.303530
20.100000 1.133800 0.304770
20.200000 1.134000 0.306430
20.400000 1.130900 0.305050
20.500000 1.131700 0.307330
20.600000 1.132500 0.309640
20.700000 1.133400 0.311730
20.800000 1.134200 0.313910
20.900000 1.135100 0.315970
21.000000 1.135900 0.318060
21.100000 1.136800 0.320070
21.200000 1.137600 0.322100
21.300000 1.138400 0.324170
21.400000 1.139200 0.326180
21.500000 1.140000 0.328140
21.600000 1.140700 0.330160
21.700000 1.141300 0.332140
21.800000 1.142100 0.334110
21.900000 1.142600 0.336140
22.000000 1.143200 0.338100
22.100000 1.143800 0.340020
22.200000 1.144200 0.341990
22.300000 1.144600 0.343960
22.400000 1.145000 0.345860
22.500000 1.145300 0.347820
22.600000 1.145600 0.349750
22.700000 1.145700 0.351680
22.800000 1.145900 0.353590
22.900000 1.146000 0.355480
23.000000 1.145800 0.357410
23.100000 1.145600 0.359340
23.200000 1.145400 0.361230
23.300000 1.145200 0.363110
23.400000 1.144700 0.365100
23.500000 1.144100 0.367000
23.600000 1.143300 0.368960
23.700000 1.142600 0.371050
23.800000 1.141900 0.373320
23.900000 1.140700 0.375330
24.000000 1.140100 0.377890
24.100000 1.139800 0.380660
24.200000 1.144900 0.388170
24.300000 1.142100 0.390840
24.400000 1.137200 0.394260
24.500000 1.132700 0.395490
24.600000 1.127100 0.396590
24.700000 1.014700 0.369290
24.800000 1.007600 0.368370
24.900000 1.001300 0.367720
25.000000 0.995300 0.367140
25.100000 0.990300 0.366770
25.200000 0.985400 0.366360
25.300000 0.981000 0.366050
25.400000 0.976500 0.365710
25.500000 0.972400 0.365460
25.600000 0.967800 0.364980
25.700000 0.963400 0.364500
25.800000 0.958800 0.363940
25.900000 0.954900 0.363570
26.000000 0.950600 0.363000
26.100000 0.947200 0.362740
26.200000 0.942700 0.362040
26.300000 0.939500 0.361780
26.400000 0.935700 0.361300
26.500000 0.932200 0.360850
26.600000 0.929000 0.360530
26.700000 0.925600 0.360100
26.800000 0.922300 0.359640
26.900000 0.919700 0.359460
27.000000 0.916600 0.358980
27.100000 0.913000 0.358200
27.200000 0.910300 0.357860
27.300000 0.907200 0.357200
27.400000 0.905000 0.356950
27.500000 0.904000 0.357370
27.600000 0.903500 0.358210
27.700000 0.902300 0.358640
27.800000 0.901200 0.359150
27.900000 0.899800 0.359460
28.000000 0.898600 0.359830
28.100000 0.897300 0.360200
28.200000 0.896100 0.360550
28.300000 0.894800 0.360850
28.400000 0.893600 0.361220
28.500000 0.892500 0.361550
28.600000 0.891300 0.361890
28.700000 0.890200 0.362140
28.800000 0.889100 0.362470
28.900000 0.888100 0.362840
29.000000 0.886900 0.363060
29.100000 0.885900 0.363400
29.200000 0.884900 0.363690
29.300000 0.883900 0.363950
29.400000 0.882800 0.364250
29.500000 0.881900 0.364540
29.600000 0.880900 0.364780
29.700000 0.879900 0.365010
29.800000 0.878900 0.365260
29.900000 0.878000 0.365520
30.000000 0.877000 0.365730
