0.000000 0.315700 0.025370
0.100000 0.329300 0.025380
0.200000 0.345400 0.025330
0.300000 0.364300 0.025170
0.400000 0.382200 0.025050
0.500000 0.399500 0.024950
0.600000 0.417700 0.024830
0.700000 0.437500 0.024630
0.800000 0.457100 0.024450
0.900000 0.478400 0.024190
1.000000 0.502600 0.023800
1.300000 0.605600 0.022600
1.400000 0.620800 0.022610
1.500000 0.636200 0.022630
1.600000 0.645100 0.022840
1.700000 0.648900 0.023200
1.800000 0.655600 0.023470
1.900000 0.664200 0.023670
2.000000 0.674100 0.023830
2.100000 0.685300 0.023940
2.200000 0.697300 0.024010
2.300000 0.710000 0.024060
2.400000 0.723600 0.024090
2.500000 0.737700 0.024100
2.600000 0.752100 0.024120
2.700000 0.766700 0.024140
2.800000 0.781400 0.024170
2.900000 0.785200 0.024570
3.000000 0.788700 0.024980
3.100000 0.795000 0.025280
3.200000 0.803300 0.025500
3.300000 0.813100 0.025660
3.400000 0.824000 0.025770
3.500000 0.835900 0.025840
3.600000 0.848500 0.025890
3.700000 0.861900 0.025920
3.800000 0.875900 0.025930
3.900000 0.890500 0.025930
4.000000 0.905500 0.025920
4.100000 0.907500 0.026390
4.200000 0.909600 0.026830
4.300000 0.916400 0.026990
4.400000 0.928300 0.026830
4.500000 0.947200 0.026190
4.600000 0.972000 0.025220
4.700000 0.970600 0.025640
4.800000 0.977500 0.025600
4.900000 0.992000 0.025160
5.000000 1.011400 0.024540
5.100000 1.013200 0.024860
5.200000 1.019000 0.025000
5.300000 1.028400 0.024940
5.400000 1.041000 0.024750
5.500000 1.053900 0.024570
5.600000 1.056700 0.024880
5.700000 1.063100 0.025010
5.800000 1.072500 0.024960
5.900000 1.086100 0.024720
6.000000 1.088800 0.025030
6.100000 1.094500 0.025160
6.200000 1.102600 0.025000
6.300000 1.106400 0.025210
6.400000 1.113900 0.025200
6.500000 1.117500 0.025310
6.600000 1.121600 0.025510
6.700000 1.125900 0.025790
6.800000 1.126600 0.026330
6.900000 1.124800 0.027140
7.000000 1.123200 0.028040
7.200000 1.124100 0.029620
7.300000 1.124800 0.030380
7.400000 1.127500 0.030970
7.500000 1.130400 0.031530
7.600000 1.132400 0.032170
7.800000 1.137600 0.033350
7.900000 1.140600 0.033930
8.000000 1.142600 0.034580
8.100000 1.143800 0.035310
8.200000 1.149200 0.035720
8.300000 1.154200 0.036170
8.400000 1.158800 0.036660
8.500000 1.162500 0.037220
8.600000 1.164600 0.037940
8.700000 1.165800 0.038740
8.800000 1.170900 0.039220
8.900000 1.174900 0.039810
9.000000 1.177900 0.040500
9.100000 1.179800 0.041300
9.200000 1.181000 0.042180
9.300000 1.183800 0.042930
9.400000 1.186800 0.043690
9.500000 1.190000 0.044430
9.600000 1.193200 0.045200
9.700000 1.196600 0.045950
9.800000 1.200200 0.046700
9.900000 1.204000 0.047440
10.000000 1.208000 0.048180
10.100000 1.212500 0.048880
10.200000 1.217000 0.049600
10.300000 1.221800 0.050320
10.400000 1.226500 0.051050
10.500000 1.231300 0.051800
10.600000 1.236500 0.052540
10.700000 1.241700 0.053290
10.800000 1.247200 0.054080
10.900000 1.252400 0.054890
11.000000 1.257800 0.055740
11.100000 1.263100 0.056620
11.200000 1.268500 0.057540
11.300000 1.273400 0.058530
11.400000 1.278400 0.059550
11.500000 1.282600 0.060650
11.600000 1.286600 0.061790
11.700000 1.290000 0.063000
11.800000 1.292400 0.064280
11.900000 1.294200 0.065610
12.000000 1.295300 0.067010
12.100000 1.295600 0.068460
12.200000 1.295000 0.069950
12.300000 1.293700 0.071500
12.400000 1.292000 0.073070
12.500000 1.289700 0.074710
12.600000 1.286600 0.076430
12.700000 1.283200 0.078170
12.800000 1.279200 0.079990
12.900000 1.274700 0.081880
13.000000 1.269600 0.083890
13.100000 1.264300 0.085890
13.200000 1.258500 0.087990
13.300000 1.252400 0.090150
13.400000 1.245500 0.092460
13.500000 1.238400 0.094830
13.600000 1.230800 0.097310
13.700000 1.223100 0.099830
13.800000 1.214500 0.102570
13.900000 1.205200 0.105510
14.000000 1.196000 0.108570
14.100000 1.186100 0.111880
14.200000 1.175400 0.115500
14.300000 1.163600 0.119540
14.400000 1.150800 0.124090
14.500000 1.136100 0.129470
14.600000 1.119100 0.136000
14.700000 1.100400 0.143790
14.800000 1.084200 0.151540
14.900000 1.072900 0.158100
15.000000 1.065600 0.163130
15.100000 1.060300 0.167350
15.200000 1.056200 0.171120
15.300000 1.053100 0.174550
15.400000 1.050200 0.177890
15.500000 1.047500 0.181180
15.600000 1.045400 0.184230
15.700000 1.043900 0.187100
15.800000 1.042700 0.189830
15.900000 1.041800 0.192500
16.000000 1.041300 0.195060
16.100000 1.040900 0.197560
16.200000 1.040700 0.200030
16.300000 1.040700 0.202450
16.400000 1.040900 0.204820
16.500000 1.041100 0.207190
16.600000 1.041400 0.209540
16.700000 1.041800 0.211870
16.800000 1.042300 0.214150
16.900000 1.043000 0.216410
17.000000 1.043600 0.218670
17.100000 1.044400 0.220900
17.200000 1.045200 0.223100
17.300000 1.046100 0.225300
17.400000 1.047000 0.227480
17.500000 1.047900 0.229630
17.600000 1.048900 0.231790
17.700000 1.050000 0.233920
17.800000 1.051100 0.236040
17.900000 1.052300 0.238170
18.000000 1.053500 0.240270
18.100000 1.054800 0.242360
18.200000 1.056200 0.244450
18.300000 1.057500 0.246560
18.400000 1.059000 0.248650
18.500000 1.060500 0.250730
18.600000 1.062100 0.252830
18.700000 1.063800 0.254910
18.800000 1.065600 0.257030
18.900000 1.067600 0.259150
19.000000 1.069900 0.261330
19.100000 1.072700 0.263670
19.200000 1.075900 0.266260
19.300000 1.083100 0.282190
19.400000 1.084600 0.284490
19.500000 1.085900 0.286670
19.600000 1.087200 0.288700
19.700000 1.088200 0.290630
19.800000 1.088800 0.292390
19.900000 1.089000 0.293840
20.000000 1.089400 0.295430
20.100000 1.089100 0.296520
20.200000 1.087600 0.297130
20.300000 1.083200 0.295910
20.400000 1.080200 0.294530
20.500000 1.081800 0.296140
20.600000 1.083900 0.297550
20.700000 1.086600 0.298860
20.800000 1.088600 0.300590
20.900000 1.090200 0.302550
21.000000 1.090800 0.304820
21.100000 1.091500 0.307040
21.200000 1.092400 0.309190
21.300000 1.093300 0.311330
21.400000 1.094300 0.313440
21.500000 1.095300 0.315520
21.600000 1.096200 0.317590
21.700000 1.097200 0.319650
21.800000 1.098300 0.321700
21.900000 1.099200 0.323750
22.000000 1.100200 0.325790
22.100000 1.101200 0.327840
22.200000 1.102100 0.329870
22.300000 1.103000 0.331930
22.400000 1.104000 0.333980
22.500000 1.104800 0.336050
22.600000 1.105600 0.338120
22.700000 1.106500 0.340230
22.800000 1.107300 0.342360
22.900000 1.108100 0.344500
23.000000 1.108900 0.346710
23.100000 1.109800 0.348980
23.200000 1.110600 0.351320
23.300000 1.111500 0.353750
23.400000 1.112500 0.356320
23.500000 1.113700 0.359120
23.600000 1.115500 0.362420
23.700000 1.117600 0.366170
23.800000 1.121400 0.371560
23.900000 1.121100 0.379690
24.000000 1.120300 0.382390
24.100000 1.119800 0.384460
24.200000 1.119000 0.386510
24.300000 1.118100 0.388540
24.400000 1.117100 0.390520
24.500000 1.115900 0.392450
24.600000 1.114500 0.394340
24.700000 1.112800 0.396160
24.800000 1.110800 0.397920
24.900000 1.108400 0.399600
25.000000 1.105600 0.401170
25.100000 1.102300 0.402590
25.200000 1.098100 0.403820
25.300000 1.092300 0.404700
25.400000 0.999100 0.381410
25.500000 0.989200 0.379590
25.600000 0.980800 0.378180
25.700000 0.973300 0.376960
25.800000 0.966500 0.375850
25.900000 0.960200 0.374820
26.000000 0.954200 0.373870
26.100000 0.948500 0.372920
26.200000 0.943200 0.372070
26.300000 0.938100 0.371230
26.400000 0.933300 0.370450
26.500000 0.928600 0.369660
26.600000 0.924400 0.368980
26.700000 0.920200 0.368310
26.800000 0.916000 0.367540
26.900000 0.911700 0.366680
27.000000 0.907700 0.365850
27.100000 0.903400 0.364780
27.200000 0.899300 0.363770
27.300000 0.895300 0.362700
27.400000 0.891400 0.361640
27.500000 0.887800 0.360640
27.600000 0.883900 0.359400
27.700000 0.881200 0.358790
27.800000 0.879000 0.358530
27.900000 0.876900 0.358110
28.000000 0.875500 0.358220
28.100000 0.874500 0.358580
28.200000 0.873400 0.358970
28.300000 0.872200 0.359390
28.400000 0.871100 0.359790
28.500000 0.869800 0.360130
28.600000 0.868700 0.360490
28.700000 0.867500 0.360860
28.800000 0.866300 0.361200
28.900000 0.865200 0.361570
29.000000 0.864100 0.361900
29.100000 0.863000 0.362260
29.200000 0.861900 0.362620
29.300000 0.860900 0.362960
29.400000 0.859900 0.363310
29.500000 0.858900 0.363690
29.600000 0.857900 0.364020
29.700000 0.857000 0.364390
29.800000 0.856000 0.364710
29.900000 0.855100 0.365060
30.000000 0.854200 0.365420
