0.000000 0.099200 0.037300
0.100000 0.111700 0.036850
0.200000 0.125100 0.036380
0.300000 0.138800 0.035970
0.400000 0.153400 0.035570
0.500000 0.168600 0.035150
0.600000 0.184200 0.034750
0.700000 0.202100 0.034360
0.800000 0.220700 0.033990
0.900000 0.240200 0.033640
1.000000 0.260200 0.033350
1.100000 0.282100 0.033050
1.200000 0.305000 0.032790
1.300000 0.328300 0.032560
1.400000 0.351900 0.032360
1.500000 0.377500 0.032150
1.600000 0.414500 0.031160
1.700000 0.489800 0.027980
1.800000 0.527600 0.027240
1.900000 0.532400 0.027400
2.000000 0.549100 0.027210
2.100000 0.571600 0.026890
2.200000 0.598100 0.026380
2.300000 0.626600 0.025510
2.400000 0.634000 0.025540
2.500000 0.712300 0.025580
2.600000 0.732600 0.025800
2.700000 0.829800 0.025800
2.800000 0.840300 0.026000
2.900000 0.850500 0.026210
3.000000 0.860700 0.026420
3.100000 0.870900 0.026650
3.200000 0.880800 0.026890
3.300000 0.890600 0.027130
3.400000 0.900400 0.027380
3.500000 0.909700 0.027650
3.600000 0.919100 0.027900
3.700000 0.928200 0.028210
3.800000 0.937100 0.028500
3.900000 0.946000 0.028800
4.000000 0.954500 0.029130
4.100000 0.962900 0.029460
4.200000 0.971300 0.029820
4.300000 0.979500 0.030180
4.400000 0.987900 0.030540
4.500000 0.996300 0.030910
4.600000 1.004900 0.031300
4.700000 1.013700 0.031700
4.800000 1.022800 0.032140
4.900000 1.032400 0.032580
5.000000 1.042500 0.033030
5.100000 1.052900 0.033480
5.200000 1.064300 0.033990
5.300000 1.076500 0.034510
5.400000 1.089600 0.035070
5.500000 1.102900 0.035640
5.600000 1.116900 0.036240
5.700000 1.130900 0.036890
5.800000 1.144200 0.037510
5.900000 1.157000 0.038130
6.000000 1.170500 0.038820
6.100000 1.183200 0.039520
6.200000 1.195600 0.040240
6.300000 1.207600 0.040960
6.400000 1.219400 0.041750
6.500000 1.230700 0.042530
6.600000 1.241400 0.043340
6.700000 1.251700 0.044170
6.800000 1.261500 0.045070
6.900000 1.270700 0.045930
7.000000 1.279400 0.046820
7.100000 1.287200 0.047670
7.200000 1.294400 0.048480
7.300000 1.301200 0.049240
7.400000 1.307500 0.049980
7.500000 1.313700 0.050800
7.600000 1.319100 0.051440
7.700000 1.324400 0.052210
7.800000 1.329700 0.053040
7.900000 1.334500 0.053820
8.000000 1.339200 0.054780
8.100000 1.343500 0.055710
8.200000 1.347200 0.056760
8.300000 1.350500 0.057850
8.400000 1.353500 0.058960
8.500000 1.356000 0.060100
8.600000 1.358100 0.061220
8.700000 1.359400 0.062450
8.800000 1.360300 0.063630
8.900000 1.360600 0.064880
9.000000 1.360300 0.066160
9.100000 1.359800 0.067390
9.200000 1.358500 0.068640
9.300000 1.356500 0.069930
9.400000 1.353300 0.071160
9.500000 1.348900 0.072390
9.600000 1.344000 0.073570
9.700000 1.338200 0.074800
9.800000 1.332100 0.076060
9.900000 1.326000 0.077320
10.000000 1.319200 0.078660
10.100000 1.311500 0.080100
10.200000 1.304700 0.081440
10.300000 1.296600 0.082940
10.400000 1.287900 0.084540
10.500000 1.279500 0.086140
10.600000 1.270600 0.087830
10.700000 1.261000 0.089590
10.800000 1.250800 0.091520
10.900000 1.241000 0.093450
11.000000 1.230700 0.095550
11.100000 1.220300 0.097730
11.200000 1.209100 0.100150
11.300000 1.197800 0.102690
11.400000 1.186000 0.105480
11.500000 1.174200 0.108410
11.600000 1.162100 0.111580
11.700000 1.149400 0.115110
11.800000 1.136800 0.118980
11.900000 1.124100 0.123320
12.000000 1.113200 0.127750
12.100000 1.102000 0.132890
12.200000 1.094600 0.137490
12.300000 1.087800 0.142230
12.400000 1.083100 0.146010
12.500000 1.079000 0.149530
12.600000 1.075300 0.152870
12.700000 1.072100 0.156020
12.800000 1.069300 0.159070
12.900000 1.067300 0.161800
13.000000 1.065400 0.164560
13.100000 1.063800 0.167220
13.200000 1.062500 0.169800
13.300000 1.061300 0.172310
13.400000 1.060600 0.174700
13.500000 1.060100 0.177020
13.600000 1.059500 0.179430
13.700000 1.059400 0.181660
13.800000 1.059400 0.183860
13.900000 1.059600 0.186020
14.000000 1.059700 0.188250
14.100000 1.059800 0.190560
14.200000 1.069300 0.204700
14.300000 1.069800 0.206990
14.400000 1.070400 0.209170
14.500000 1.071300 0.211260
14.600000 1.072100 0.213390
14.700000 1.072800 0.215530
14.800000 1.073700 0.217560
14.900000 1.074700 0.219570
15.000000 1.075800 0.221500
15.100000 1.076800 0.223410
15.200000 1.077900 0.225340
15.300000 1.079000 0.227160
15.400000 1.080200 0.228940
15.500000 1.081400 0.230660
15.600000 1.082500 0.232390
15.700000 1.083700 0.234010
15.800000 1.084800 0.235520
15.900000 1.085900 0.236870
16.000000 1.086900 0.237920
16.100000 1.080800 0.236100
16.200000 1.078400 0.236620
16.300000 1.078800 0.237940
16.400000 1.079600 0.239490
16.500000 1.080700 0.241040
16.600000 1.081900 0.242670
16.700000 1.083400 0.244220
16.800000 1.085000 0.245830
16.900000 1.086700 0.247420
17.000000 1.088500 0.248890
17.100000 1.090700 0.250270
17.200000 1.093200 0.251620
17.300000 1.095900 0.253010
17.400000 1.099600 0.254250
17.500000 1.104000 0.255580
17.600000 1.114000 0.257390
17.700000 1.114400 0.259180
17.800000 1.111300 0.270440
17.900000 1.112700 0.272360
18.000000 1.114300 0.274330
18.100000 1.115800 0.276280
18.200000 1.117500 0.278190
18.300000 1.118800 0.280140
18.400000 1.120500 0.282070
18.500000 1.121800 0.283980
18.600000 1.123300 0.285920
18.700000 1.124700 0.287800
18.800000 1.126200 0.289680
18.900000 1.127800 0.291570
19.000000 1.129300 0.293420
19.100000 1.130600 0.295200
19.200000 1.132000 0.297020
19.300000 1.133500 0.298840
19.400000 1.134900 0.300530
19.500000 1.136200 0.302220
19.600000 1.137800 0.304020
19.700000 1.139100 0.305580
19.800000 1.140600 0.307320
19.900000 1.141900 0.308860
20.000000 1.142800 0.310240
20.100000 1.143100 0.311140
20.200000 1.143700 0.312390
20.300000 1.143300 0.313030
20.400000 1.143100 0.313590
20.500000 1.143100 0.314190
20.600000 1.143800 0.315260
20.700000 1.144600 0.316420
20.800000 1.145700 0.317990
20.900000 1.147000 0.319750
21.000000 1.148100 0.321510
21.100000 1.149300 0.323330
21.200000 1.150600 0.325140
21.300000 1.151700 0.326990
21.400000 1.152900 0.328820
21.500000 1.154000 0.330750
21.600000 1.155200 0.332570
21.700000 1.156300 0.334450
21.800000 1.157300 0.336340
21.900000 1.158400 0.338220
22.000000 1.159400 0.340120
22.100000 1.160300 0.342010
22.200000 1.161300 0.343930
22.300000 1.162200 0.345810
22.400000 1.163100 0.347680
22.500000 1.163900 0.349580
22.600000 1.164700 0.351480
22.700000 1.165500 0.353400
22.800000 1.166200 0.355330
22.900000 1.166900 0.357190
23.000000 1.167500 0.359120
23.100000 1.168000 0.361010
23.200000 1.168500 0.362910
23.300000 1.169000 0.364800
23.400000 1.169400 0.366700
23.500000 1.169700 0.368610
23.600000 1.170000 0.370520
23.700000 1.170100 0.372470
23.800000 1.170200 0.374340
23.900000 1.170300 0.376240
24.000000 1.170200 0.378110
24.100000 1.170100 0.380030
24.200000 1.169900 0.381890
24.300000 1.169500 0.383770
24.400000 1.169000 0.385650
24.500000 1.168300 0.387520
24.600000 1.167600 0.389340
24.700000 1.166600 0.391170
24.800000 1.165300 0.393020
24.900000 1.163900 0.394800
25.000000 1.162200 0.396560
25.100000 1.160400 0.398200
25.200000 1.157800 0.399900
25.300000 1.154600 0.401470
25.400000 1.150900 0.402960
25.500000 1.145500 0.404270
25.600000 0.997100 0.370830
25.700000 0.991500 0.370140
25.800000 0.986700 0.369640
25.900000 0.982700 0.369110
26.000000 0.978500 0.368800
26.100000 0.975500 0.368850
26.200000 0.973400 0.369570
26.300000 0.974200 0.372130
26.400000 0.978600 0.382690
26.500000 0.974500 0.382800
26.600000 0.970900 0.382580
26.700000 0.967500 0.382380
26.800000 0.964300 0.382220
26.900000 0.961200 0.382120
27.000000 0.958200 0.381980
27.100000 0.955300 0.381890
27.200000 0.952500 0.381830
27.300000 0.949900 0.381800
27.400000 0.947200 0.381700
27.500000 0.944500 0.381590
27.600000 0.941900 0.381520
27.700000 0.939600 0.381500
27.800000 0.937000 0.381400
27.900000 0.934800 0.381410
28.000000 0.932600 0.381400
28.100000 0.930300 0.381380
28.200000 0.928400 0.381480
28.300000 0.926000 0.381360
28.400000 0.924000 0.381380
28.500000 0.921800 0.381330
28.600000 0.919400 0.381160
28.700000 0.917300 0.381040
28.800000 0.915100 0.380920
28.900000 0.913300 0.380960
29.000000 0.911000 0.380740
29.100000 0.908900 0.380630
29.200000 0.906900 0.380570
29.300000 0.904800 0.380380
29.400000 0.902700 0.380210
29.500000 0.901000 0.380250
29.600000 0.898900 0.380090
29.700000 0.897200 0.380020
29.800000 0.895300 0.379920
29.900000 0.893500 0.379820
30.000000 0.891700 0.379710
