0.000000 0.084500 0.051000
0.100000 0.090600 0.051200
0.200000 0.096600 0.051410
0.300000 0.102600 0.051630
0.400000 0.108400 0.051860
0.500000 0.114100 0.052100
0.600000 0.119600 0.052360
0.700000 0.125100 0.052630
0.800000 0.130400 0.052910
0.900000 0.135600 0.053210
1.000000 0.140600 0.053520
1.100000 0.145600 0.053840
1.200000 0.150400 0.054180
1.300000 0.155000 0.054540
1.400000 0.159600 0.054910
1.500000 0.164000 0.055300
1.600000 0.168300 0.055700
1.700000 0.172500 0.056120
1.800000 0.176600 0.056550
1.900000 0.180500 0.057000
2.000000 0.184400 0.057470
2.100000 0.188200 0.057950
2.200000 0.191900 0.058450
2.300000 0.195500 0.058960
2.400000 0.199100 0.059490
2.500000 0.202600 0.060020
2.600000 0.206100 0.060570
2.700000 0.209400 0.061140
2.800000 0.212800 0.061720
2.900000 0.216300 0.062300
3.000000 0.219600 0.062900
3.100000 0.223000 0.063510
3.200000 0.226300 0.064120
3.300000 0.229700 0.064750
3.400000 0.233000 0.065390
3.500000 0.236400 0.066030
3.600000 0.239800 0.066680
3.700000 0.243200 0.067340
3.800000 0.258500 0.068020
3.900000 0.276800 0.068540
4.000000 0.292700 0.068980
4.100000 0.305900 0.069450
4.200000 0.321500 0.070170
4.300000 0.330700 0.070580
4.400000 0.343200 0.071130
4.500000 0.360000 0.071830
4.600000 0.373500 0.072390
4.700000 0.382500 0.072820
4.800000 0.396600 0.073380
4.900000 0.415300 0.074070
5.000000 0.427300 0.074690
5.100000 0.432200 0.075250
5.200000 0.440100 0.075890
5.300000 0.451800 0.076570
5.400000 0.469500 0.077280
5.500000 0.482600 0.077960
5.600000 0.485100 0.078510
5.700000 0.494200 0.079090
5.800000 0.510400 0.079690
5.900000 0.534500 0.080350
6.000000 0.533100 0.081070
6.100000 0.535100 0.081850
6.200000 0.540900 0.082630
6.300000 0.551800 0.083360
6.400000 0.571700 0.084020
6.500000 0.581700 0.084740
6.600000 0.580100 0.085500
6.700000 0.587200 0.086160
6.800000 0.604800 0.086720
6.900000 0.627200 0.087320
7.000000 0.620700 0.088400
7.100000 0.619300 0.089430
7.200000 0.622400 0.090380
7.300000 0.632600 0.091170
7.400000 0.657900 0.091630
7.500000 0.656900 0.092580
7.600000 0.653700 0.093530
7.700000 0.661500 0.094230
7.800000 0.685100 0.094570
7.900000 0.692900 0.095510
8.000000 0.685700 0.096840
8.100000 0.683800 0.098000
8.200000 0.690400 0.098870
8.300000 0.720100 0.098900
8.400000 0.716300 0.100070
8.500000 0.710300 0.101250
8.600000 0.717200 0.101980
8.700000 0.747200 0.101880
8.800000 0.744400 0.103350
8.900000 0.735400 0.105070
9.000000 0.730600 0.106630
9.100000 0.729700 0.108070
9.200000 0.733600 0.109350
9.300000 0.753600 0.109880
9.400000 0.758400 0.110980
9.500000 0.747700 0.112650
9.600000 0.744200 0.113920
9.700000 0.787400 0.112460
9.800000 0.771800 0.114560
9.900000 0.762100 0.116320
10.000000 0.757800 0.117930
10.100000 0.757600 0.119480
10.200000 0.762800 0.120820
10.300000 0.781800 0.121650
10.400000 0.783500 0.123340
10.500000 0.773600 0.125490
10.600000 0.765400 0.127500
10.700000 0.759200 0.129300
10.800000 0.757000 0.130750
10.900000 0.783800 0.129840
11.000000 0.772400 0.131740
11.100000 0.766500 0.133220
11.200000 0.782300 0.133260
11.300000 0.794400 0.134400
11.400000 0.784400 0.136820
11.500000 0.776000 0.139090
11.600000 0.769100 0.141170
11.700000 0.764300 0.142980
11.800000 0.792000 0.141290
11.900000 0.781500 0.143530
12.000000 0.772900 0.145500
12.100000 0.769100 0.146950
12.200000 0.802100 0.144950
12.300000 0.793900 0.147530
12.400000 0.785800 0.150090
12.500000 0.779800 0.152420
12.600000 0.775000 0.154620
12.700000 0.770100 0.156800
12.800000 0.766400 0.158830
12.900000 0.763300 0.160760
13.000000 0.761900 0.162530
13.100000 0.761900 0.164120
13.200000 0.791200 0.162480
13.300000 0.784900 0.164740
13.400000 0.778700 0.166900
13.500000 0.773200 0.168920
13.600000 0.769100 0.170820
13.700000 0.765500 0.172620
13.800000 0.763300 0.174320
13.900000 0.762000 0.175940
14.000000 0.761800 0.177430
14.100000 0.763200 0.178830
14.200000 0.765700 0.180240
14.300000 0.768100 0.181780
14.400000 0.769600 0.183510
14.500000 0.771800 0.185230
14.600000 0.773600 0.187010
14.700000 0.776200 0.188760
14.800000 0.779200 0.190540
14.900000 0.782600 0.192350
15.000000 0.785500 0.194240
15.100000 0.789200 0.196180
15.200000 0.790900 0.198210
15.300000 0.790800 0.200170
15.400000 0.790500 0.202150
15.500000 0.790600 0.204110
15.600000 0.790600 0.206100
15.700000 0.791100 0.208080
15.800000 0.792000 0.210050
15.900000 0.793100 0.212040
