0.000000 0.059000 0.030860
0.200000 0.157900 0.030580
0.300000 0.175800 0.030750
0.400000 0.188000 0.030820
0.500000 0.200400 0.030910
0.600000 0.214100 0.031020
0.700000 0.229100 0.031140
0.800000 0.245400 0.031270
0.900000 0.262900 0.031400
1.000000 0.280300 0.031520
1.100000 0.288300 0.031620
1.200000 0.299500 0.031740
1.300000 0.312800 0.031850
1.400000 0.327800 0.031950
1.500000 0.344200 0.032050
1.600000 0.361900 0.032130
1.700000 0.380600 0.032210
1.800000 0.387800 0.032390
1.900000 0.396100 0.032560
2.000000 0.407700 0.032690
2.100000 0.421700 0.032790
2.200000 0.437500 0.032860
2.300000 0.454900 0.032890
2.400000 0.473400 0.032910
2.500000 0.492900 0.032900
2.600000 0.496100 0.033220
2.700000 0.502700 0.033480
2.800000 0.513400 0.033630
2.900000 0.527000 0.033730
3.000000 0.542800 0.033760
3.100000 0.560300 0.033740
3.200000 0.579600 0.033660
3.300000 0.600200 0.033580
3.400000 0.603300 0.033950
3.500000 0.607000 0.034310
3.600000 0.616800 0.034510
3.700000 0.629800 0.034630
3.800000 0.645100 0.034690
3.900000 0.662700 0.034670
4.000000 0.683000 0.034580
4.100000 0.705400 0.034450
4.200000 0.703700 0.034990
4.300000 0.705400 0.035420
4.400000 0.715200 0.035620
4.500000 0.729300 0.035680
4.600000 0.746500 0.035670
4.700000 0.766300 0.035590
4.800000 0.789100 0.035430
4.900000 0.799400 0.035640
5.000000 0.791900 0.036370
5.100000 0.799500 0.036580
5.200000 0.818700 0.036310
5.300000 0.854200 0.035170
5.400000 0.860800 0.035210
5.500000 0.863700 0.035350
5.600000 0.892000 0.034200
5.700000 0.903300 0.033960
5.800000 0.904400 0.034180
5.900000 0.921300 0.033660
6.000000 0.936200 0.033300
6.100000 0.935300 0.033680
6.200000 0.945100 0.033530
6.300000 0.960100 0.033100
6.400000 0.959300 0.033420
6.500000 0.969800 0.033180
6.600000 0.976300 0.033190
6.700000 0.980100 0.033340
6.800000 0.991600 0.033140
6.900000 0.992500 0.033430
7.000000 0.999300 0.033350
7.100000 1.001000 0.033560
7.200000 1.003000 0.033780
7.300000 1.004500 0.034050
7.400000 1.004600 0.034440
7.500000 1.004400 0.034920
7.600000 1.003500 0.035470
7.700000 1.002800 0.036080
7.800000 1.002600 0.036720
7.900000 1.001500 0.037440
8.000000 1.002500 0.038110
8.100000 1.002800 0.038820
8.200000 1.002600 0.039610
8.300000 1.004300 0.040310
8.400000 1.006500 0.041000
8.500000 1.007400 0.041760
8.600000 1.006500 0.042660
8.700000 1.008300 0.043420
8.800000 1.009800 0.044120
8.900000 1.009100 0.044950
9.000000 1.006800 0.045960
9.100000 1.009100 0.046630
9.200000 1.010200 0.047390
9.300000 1.010900 0.048260
9.400000 1.010800 0.049240
9.500000 1.009300 0.050430
9.600000 1.013200 0.051250
9.700000 1.016900 0.052160
9.800000 1.020300 0.053110
9.900000 1.024100 0.054030
10.000000 1.027300 0.054980
10.100000 1.030500 0.055920
10.200000 1.033900 0.056870
10.300000 1.036600 0.057870
10.400000 1.040200 0.058840
10.500000 1.043300 0.059910
10.600000 1.046800 0.061060
10.700000 1.051800 0.062250
10.800000 1.058300 0.063770
10.900000 1.062800 0.064920
11.000000 1.066400 0.066160
11.100000 1.069200 0.067470
11.200000 1.071200 0.068790
11.300000 1.071900 0.070230
11.400000 1.071700 0.071690
11.500000 1.070900 0.073220
11.600000 1.069000 0.074840
11.700000 1.066500 0.076500
11.800000 1.063200 0.078240
11.900000 1.059300 0.080030
12.000000 1.054400 0.081940
12.100000 1.049500 0.083870
12.200000 1.043600 0.085950
12.300000 1.037400 0.088090
12.400000 1.030500 0.090390
12.500000 1.023500 0.092740
12.600000 1.016400 0.095190
12.700000 1.008200 0.097860
12.800000 1.000300 0.100560
12.900000 0.992100 0.103390
13.000000 0.983300 0.106450
13.100000 0.975200 0.109460
13.200000 0.966400 0.112720
13.300000 0.957900 0.116000
13.400000 0.949700 0.119370
13.500000 0.942000 0.122740
13.600000 0.934500 0.126190
13.700000 0.927500 0.129650
13.800000 0.921700 0.132920
13.900000 0.916000 0.136270
14.000000 0.911000 0.139490
14.100000 0.906800 0.142580
14.200000 0.903100 0.145610
14.300000 0.899500 0.148670
14.400000 0.896900 0.151480
14.500000 0.894500 0.154240
14.600000 0.892500 0.156940
14.700000 0.890800 0.159510
14.800000 0.889200 0.162100
14.900000 0.888100 0.164510
15.000000 0.887100 0.166920
15.100000 0.886400 0.169260
15.200000 0.885800 0.171600
15.300000 0.885500 0.173860
15.400000 0.885400 0.176050
15.500000 0.885300 0.178280
15.600000 0.885400 0.180470
15.700000 0.885700 0.182640
15.800000 0.886100 0.184770
15.900000 0.886600 0.186940
